2        47.8922        52.4953              0
1        130.652        48.8881              2
1        95.2811        55.8036              4
1        103.058        54.2981              6
1        52.0978        57.5425              9
1        99.4239        56.0764             10
1        81.6239        55.0903             11
1        34.0975        54.6689             12
1        92.9378        53.4014             14
1        38.5911        56.5706             16
1        97.3267        57.4494             17
1        34.7842        52.4189             18
1        132.797        48.4203             20
1        119.292        50.9336             21
1         35.005        57.8767             22
1        29.7931        61.0553             23
1        31.8481        55.5094             28
1        95.0053        50.5992             29
1        115.192        51.5333             31
1        61.8128        58.7983             33
1        48.7583        50.6822             34
1        28.0547        59.0639             36
2        62.2422        56.2583             37
1        135.408        48.1328             41
1        43.4169        51.1669             42
1        103.709        51.7256             43
1        83.6692        52.3914             44
1        128.437         51.455             46
1        101.634        56.1514             47
2        78.4981        53.7158             48
1        35.5372        53.7225             49
1        86.8822        56.0575             50
1        55.3722        50.7708             52
1        51.7592        52.0467             54
1        40.3653        48.7294             55
1        134.937        45.9022             56
1        32.8369        52.5856             60
1           80.7        51.4378             63
1        32.4625        58.7256             64
1        90.7453        54.7747             68
1        92.6814        50.8136             69
1        38.6622          53.43             70
2        35.5189        55.8006             71
1         45.565        48.4447             73
1        54.9503        53.3383             74
1        37.0364        52.2256             75
0        81.9419        55.2058             76
0        96.6231        55.7897             77
0         51.285        53.6536             78
0        44.6286        47.9397             79
0        29.2181        59.7425             80
0        34.8558        55.8311             81
0        43.5842        52.4403             82
0        27.6092        57.8139             83
0        49.2872        58.2072             84
0        46.4075        47.7583             85
0        29.0831        59.0128             86
0        84.7975        52.7469             87
0        42.2406        57.8053             88
0        54.9725        53.6006             89
0        45.6333        52.9542             90
0        49.8189        51.9942             91
0        89.6939        55.0767             92
0        63.7839        56.7194             94
0        90.7758        54.5844             96
0        78.5172        53.4111             97
0        86.0019        51.9736             98
0        44.4711        51.4994             99
0        57.1078        58.1678            100
0        52.4169        59.0011            101
0        82.6142        53.4139            102
0          44.43        46.1053            103
0        56.6231        52.7172            104
0        89.3161        56.5358            106
0        90.2722        55.2103            107
0        49.4194        52.7397            108
0        77.6656        54.0975            110
0        61.1617        53.0069            111
0        86.2611        53.2553            112
0        49.4322        55.0475            113
0        89.4794        55.7244            114
0        37.5542        56.9586            115
0         132.37        44.4794            116
0        41.1131        54.4342            117
0        42.6358        46.6522            118
0        58.5161        52.8772            119
0        55.9081        50.9033            120
0          80.22        54.4214            121
0        42.6528        56.4231            122
0        89.1803        55.5392            123
0        49.4306        58.0028            124
0        49.2781        59.0425            125
0        62.0161        54.5761            126
0        44.0361        53.4542            127
0        41.9756        45.4547            128
0        39.3358        59.6194            129
0        32.8467          53.06            130
0        41.0272        52.4111            131
0        48.3897        55.6144            133
0        45.4697        53.7739            134
0        84.5014        53.6139            135
0        43.3006        53.8269            136
0        52.6842        52.7511            138
0         113.68        52.4211            139
0          35.11          55.32            140
0        45.3122        49.8278            141
0        97.8097          58.42            142
0         82.235        53.3533            144
0        55.3025         51.105            145
0        83.3231        55.2083            146
0        60.2697        56.1194            147
0        42.2833        50.5717            148
0        84.8928        55.7881            149
0        93.5533        51.5803            150
0        82.7794        52.4922            151
0        59.4042        55.8019            152
0        86.1964        52.6714            153
0        59.7592        56.9433            154
0        50.7506        57.8278            155
0         44.055        47.5975            156
0        106.838        52.3275            157
0        46.7236        54.4797            158
0        42.4644        51.8497            159
0        41.1133        54.6686            160
0        63.0603        55.9461            161
0        41.7178        48.8472            162
0        39.9578        56.9383            163
0        39.7122        53.4131            164
0        35.1897        52.8536            165
0        55.0442        58.6967            166
0        79.2064         52.885            167
0        33.2083        61.2694            168
0        112.675        52.1194            169
0        49.9278         54.905            170
0        115.178        51.1875            171
0        81.8944        54.7867            172
0         47.655        53.9467            173
0        106.629        51.0931            174
0        33.1794        54.5761            175
0        46.1086        50.9747            176
0        60.1053        54.0128            177
0        84.4742        55.6958            178
0        41.1156        54.1547            179
0        85.4783        53.4703            181
0        44.2933        54.8919            182
0        41.0867        48.5414            183
0        55.2339        58.5167            184
0        55.9603        53.0081            185
0           46.7        57.9597            186
0        35.8539        52.0917            187
0        29.4161        60.1661            188
0        38.4653        59.2139            190
0        90.4019          51.12            192
0        43.2144        49.0608            194
0        65.4672        56.2422            195
0        41.8125        48.0378            196
0        52.1758         56.625            197
0        51.0467        58.1811            198
0        36.5708        52.8567            199
0        79.7761        51.6733            200
0        116.154        51.8867            201
0        84.3247        51.6481            202
0        128.073        51.2272            203
0        88.6186        55.5906            205
0         36.245        54.9911            206
0        39.2442        58.2358            207
0        29.1831        60.7161            208
0        62.5019        57.9444            209
0        86.7997        55.0056            210
0        58.2903        52.2106            211
0        46.3239        54.4044            212
0        49.2167         52.455            214
0        44.1481        47.3022            216
0        30.2389        58.2772            217
0        45.3203        50.4867            218
0        83.1042        51.7864            219
0        91.3975        55.2511            220
0        65.0903        54.9086            221
0        31.0867        55.2786            222
0        54.5783        56.8883            225
0        64.0392        56.8742            226
0        47.3758        43.9753            227
0        41.6411        48.6097            228
0        32.1972        52.3794            229
0        90.7044        51.2153            230
0        59.4969        55.2269            231
0        34.9369        55.6508            232
0        52.4142        53.4014            233
0        108.847         51.275            234
0        118.516        50.4653            235
0        46.1336        47.9217            236
0        59.3572        57.6833            237
0        88.9206        55.4011            239
0        106.271        51.1208            240
0        50.7728        54.9975            241
0        31.7306        52.8211            243
0        40.4828        53.7903            245
0        90.6886        55.7592            246
0        39.9075        58.6981            247
0        39.1147        54.0411            248
0        95.5033        55.6714            249
0        47.4114        52.7003            250
0        42.8947        50.4053            251
0        81.5003        53.3178            252
0        95.0083        51.6508            253
0        131.054        49.0189            254
0        42.5433        45.6408            255
0        41.7272        57.8956            256
0        92.3911        53.2758            257
0        86.4772        52.8442            258
0        44.4794        46.4197            259
0        90.7072        53.3517            260
0        86.1922          52.16            261
0        41.4314        50.6597            262
0        82.4456        54.5061            265
0        56.7464        58.0306            266
0          40.44        58.0014            267
0        83.6225        52.7122            268
0        86.1028        56.3994            269
0        57.4192        56.8639            270
0        42.4164        53.6464            271
0        38.2644        54.3542            272
0        55.1653        52.4531            274
0        43.7806        50.2364            276
0        41.3192        55.5061            277
0        46.6797        44.1767            278
0        49.4031        56.7042            279
0        82.9158        53.0903            280
0        53.0244         55.275            281
0        34.2267        57.2814            282
0        32.4239        53.8575            283
0        55.5739        52.3664            284
0        64.2653        56.3492            285
0        56.4131        58.4697            286
0        91.5644         54.315            287
0        78.5072        54.3675            288
0        32.0783        56.2581            289
0        62.4756        57.0822            290
0        28.0131        57.5394            291
0        32.3942        53.0142            292
0          31.35        56.2839            293
0        54.4564        52.2981            294
0        43.2644         48.005            295
0          53.24        52.0889            296
1        131.863        43.5975            299
0        103.198        52.4458            300
0        65.0197        56.8614            302
0        44.9953        44.3211            303
0        85.4908        56.2831            304
0        64.6331        56.5197            305
0        57.2661        59.3322            306
0        86.5458        52.0108            308
0        134.063        46.2542            310
0        127.296        50.7581            311
1        43.7078        44.7183            312
0        44.8317        44.5517            313
0        80.2556         52.765            314
0         50.065        57.8342            315
0        54.1233        53.3161            316
0        50.5753        58.2042            317
0        115.887        52.0875            318
0        58.6419        51.6733            319
0        77.8061        53.5128            320
0        48.4325        51.0806            322
0        42.3358        49.8581            323
0        34.2897        59.5042            324
0        37.1225        51.6217            325
0        35.7394        54.3911            326
0        78.3331          54.56            327
0        82.7289        52.8094            328
0        52.0519          51.99            329
0        55.6992        58.5706            330
0        89.8383        55.9689            331
0        45.3086        49.0797            332
0        58.1747        54.9303            333
0        78.6108        55.0981            334
0        44.5025        50.1872            335
0        82.9236        55.5219            336
0        38.1653        50.8528            337
0        80.0508        53.3039            338
0        36.4756        53.5453            339
0        42.1722        48.8997            340
0        40.0864        49.8506            341
0        42.1044        54.0311            342
0        91.4347        54.1128            343
0        41.8333         49.225            344
0        59.2156        52.7647            345
0        56.5492        55.4083            346
0        85.7769        51.8311            347
0        38.5417          53.19            348
0        60.0408        58.3486            349
0        80.6039        52.7033            351
0        50.4431        54.2275            352
0        33.8142        57.4336            353
0        38.3803        50.0536            355
0        60.0189        52.8614            356
0        62.2486        54.7767            357
0        35.3631        56.6036            358
0        82.2744        51.8925            359
0        43.8167        55.0225            360
0        57.9553        58.1839            361
0        56.9083        51.5619            362
0        40.4383        57.7475            364
0        60.2722        51.6717            365
0        46.6375        47.8756            366
0        52.9036        54.7056            367
0        83.5047        55.5161            368
0        57.5336           56.5            369
0        29.8492        58.7325            370
0        90.0131        55.5642            371
0        42.8342        48.3783            372
0        32.4358        54.8914            373
0        84.1436        53.5769            374
0        85.3292        53.2856            375
0        131.885        43.1153            376
0        82.8653        51.6917            377
0        45.8119        52.6192            378
0        52.1153        51.7444            379
0        80.8069        53.9633            380
0        55.1253        55.1978            381
0        31.1578        61.6708            382
0        47.9136        56.8686            383
0        38.2358        58.0636            384
0        104.504        52.6581            385
0        36.0022        53.4489            386
0        93.2347        53.3714            387
0        38.0636        57.9056            388
0        49.3456        54.5533            389
0        41.0236        55.3314            390
0        34.5067          52.83            391
0        62.0047        54.0478            392
0        85.0658        56.0261            393
0        44.5778        48.2397            394
0        53.1828        53.3911            395
0        44.2089        52.2225            396
0        49.8772        56.3922            397
0        30.9736        56.2894            398
0        52.5019        57.7036            399
0        54.5456        57.4981            400
0        54.8411        52.1617            401
0        91.2914        51.1572            402
0        59.8781        57.7364            403
0        32.3964        61.1853            404
0        132.767        42.9136            405
0        132.333        42.8822            407
0        42.3172        49.6758            409
0        45.1753        49.5342            410
0        50.8706        55.2611            411
0        35.2208        57.2794            412
0        60.4864        53.2483            413
0        64.6744        55.7164            414
0        48.9494        54.5356            415
0        38.5161        51.9203            416
0        33.5178        58.2139            417
0        59.2008        53.8906            418
0        32.1517        54.1844            419
0        61.8739        56.1389            420
0        82.2878        51.4878            421
0        64.5703        56.1622            422
0        45.7242        53.9961            423
0        44.5075        50.6575            424
0        79.9772        52.9997            425
0        50.2003        56.8247            426
0        81.2261        52.6192            427
0        30.1122        58.5669            428
0        57.6422        57.3075            429
0        43.2111        54.6314            430
0        83.7636        52.2172            432
0        59.5064        51.5894            433
0        48.3853        57.0278            434
0        61.0658        57.1369            435
0        92.9328        54.0886            436
0        40.2711           49.4            437
0        42.2372        47.8456            438
0        42.8144        47.7653            439
0        78.1597        53.2458            440
0        102.919        50.5097            441
0        78.0053        54.2444            443
0        32.3444        59.3561            444
0        33.3319          59.81            445
0        34.7386        53.7522            446
0        34.5633        51.9228            447
0        43.2589        47.3378            448
0        59.1078        51.0511            449
0        57.6586        58.3125            450
0        44.4186        54.0308            451
0        57.3058        56.2147            452
2        104.021         52.805            453
0        46.8814        44.3094            454
0        34.6636        59.4981            455
0        40.6622        53.9419            456
0        87.1919        53.3369            457
0        59.4733        52.8861            458
0        48.1194        51.9678            459
0          34.08        52.3158            460
0        57.8908        57.9994            461
0        51.1125        54.2839            462
0        78.1808        54.9506            463
0        58.1689        52.4469            464
0        91.3331        54.5478            465
0        89.9278        52.8503            466
0        56.9308        53.5833            467
0        85.6311         56.065            468
0        81.1603        54.3842            469
0          48.68        52.6892            470
0        45.8933        55.2217            472
0        79.6975         52.075            473
0        59.9358        51.5197            474
0        44.0347        49.5714            475
0        43.7078        51.1806            476
0        48.8842        56.1678            477
0        82.2922        53.6806            478
0        132.584        44.0828            479
0        60.3058        54.5756            480
0        50.0336        52.7142            481
0        42.6725        45.7972            482
0        56.1156          56.21            483
0        41.1425        50.1953            484
0        80.6558        52.3881            485
0        55.9178        56.0008            486
0        83.4631        56.8269            487
0        45.7456        55.9317            488
0        34.2778        55.8308            489
0        57.6839        53.5203            490
0        97.6239        56.0678            491
0        58.8119        57.4556            492
0        92.1336        53.6664            493
0        45.7369        48.5867            494
0        53.4931        55.5378            496
0        46.2006        55.9408            497
0        128.248        50.7728            498
0        37.2392        52.8092            499
0        46.3172        58.3578            500
0        114.465          50.76            501
0        84.7781        52.0483            502
0        39.4517        53.2122            503
0        134.538        44.3675            505
0        40.0858        48.7425            506
0        46.3233        58.0186            507
0        41.2319        48.8267            508
0        41.3633        50.9164            509
0        109.093        51.1761            510
0        47.3661        43.5533            511
0        56.3419        52.6003            512
0         131.98        44.4394            513
0        44.5197        52.5639            514
0        38.4972         50.265            515
0        59.6917        52.5111            517
0        28.2581        59.6567            518
0        49.1486        56.9339            519
0         43.575        47.6014            520
0        41.4778        49.0572            521
0        37.3581        52.6069            522
0        50.4286        52.1578            523
0        93.2636        55.8653            524
0        84.4628          52.43            525
0        45.0497        52.8244            526
2        131.639         49.205            528
0        53.1844        58.2289            529
0        60.5386        54.7933            530
0        32.4078        55.1911            531
0        43.8872        52.2667            533
0        128.885        50.5892            534
0        37.6767        52.7858            535
0        81.3992        51.6692            537
0        39.9106        54.2289            538
0        54.7378        56.7336            539
0        28.5956        57.9322            540
0        62.1578          57.85            541
0        46.8606        52.7889            542
0        52.3744        56.7628            543
0        83.0403        53.7728            544
0        41.5931        53.1872            545
0        44.7158        55.2717            546
0        50.4719        52.3928            547
0        40.6564        52.2425            548
0        131.721        44.1967            549
0        38.9386        57.7192            550
0        54.5117        51.1878            551
0        43.1006        47.8483            554
0        107.868        50.7958            555
0        81.4289        53.0792            556
0        43.1036        46.0744            557
0        49.1283        57.1475            558
0         38.835        59.2008            559
0        53.1014          55.72            560
0        44.4433        50.4408            561
0        43.6233        47.9803            562
0        58.3514        51.6389            563
0        30.7375        58.1617            564
0        49.4483        52.5603            566
0        32.8761        54.6414            567
0        48.4539        55.2464            568
0        33.3772        58.4536            569
0        60.6458           53.9            570
0        64.9419        55.6075            571
0        41.1553        51.9958            572
0        47.4042        51.5478            573
0        60.6139        53.0453            574
0        54.1906        51.8756            575
0        51.5031        53.4678            576
0        56.6431        56.4711            577
0        45.1308        52.5653            578
0        82.5406        54.2689            579
0        135.009        47.9622            580
0        44.1183        50.3608            581
